0
_ _ WATER PUDDLE CAPACITY _ _

0       0       0       0       0       0
0       0       0       0       5       0
0       0       0       0       0       0
0       0       0       0       0       0

2

_ _ WATER PUDDLE CAPACITY _ _

0       0       0       0       0
0       0       1       0       0
0       1       2       0       0
0       0       2       0       0
0       0       0       0       0

3


_ _ WATER PUDDLE CAPACITY _ _

0       0       0       0       0
0       0       0       0       0
0       0       0       0       0
0       0       0       0       0
0       0       0       0       0
0       0       0       0       0
0       0       0       0       0


4


_ _ WATER PUDDLE CAPACITY _ _

0       0       0       0       0       0       0
0       3       0       0       0       0       0
0       2       0       1       0       0       0
0       0       0       0       0       1       0
0       0       0       0       0       0       0
0       0       1       0       0       0       0
0       0       0       0       0       0       0


5

_ _ WATER PUDDLE CAPACITY _ _

0       0       0       0       0
0       0       0       0       0
0       0       0       0       0
0       0       0       0       0
0       0       0       0       0

6

_ _ WATER PUDDLE CAPACITY _ _

0       0       0       0       0       0       0       0
0       7       0       0       0       0       6       0
0       0       2       1       1       1       0       0
0       0       1       0       0       1       0       0
0       0       1       1       1       1       0       0
0       0       0       1       0       0       0       0
0       0       0       1       0       0       3       0
0       0       1       2       1       0       0       0
0       2       1       2       1       2       1       0
0       0       0       0       0       0       0       0

7

_ _ WATER PUDDLE CAPACITY _ _

0       0       0       0       0       0       0       0
0       0       0       0       0       0       0       0
0       0       0       1       0       0       0       0
0       1       1       1       0       0       0       0
0       0       0       0       0       0       0       0
0       0       0       0       0       0       0       0
0       1       0       3       0       5       0       0
0       0       0       0       0       0       0       0

8

_ _ WATER PUDDLE CAPACITY _ _

0       0       0       0       0       0       0
0       3       0       1       0       3       0
0       2       0       2       0       2       0
0       0       0       1       1       0       0
0       0       0       0       0       0       0
0       0       1       0       0       0       0
0       0       0       0       0       0       0

9

_ _ WATER PUDDLE CAPACITY _ _

0       0       0       0       0
0       0       1       0       0
0       3       7       3       0
0       0       1       0       0
0       0       0       0       0
0       0       0       0       0
0       0       1       0       0
0       3       7       3       0
0       0       1       0       0
0       0       0       0       0


10

_ _ WATER PUDDLE CAPACITY _ _

0       0       0       0       0
0       5       0       3       0
0       0       4       0       0
0       6       4       4       0
0       0       0       3       0
0       0       0       0       0
0       5       4       3       0
0       4       4       0       0
0       6       4       0       0
0       0       0       0       0

11

_ _ WATER PUDDLE CAPACITY _ _

0       0       0       0       0       0       0       0       0       0       0
0       5       5       5       5       0       5       5       5       5       0
0       5       5       5       5       0       5       5       5       5       0
0       0       0       0       0       0       0       0       0       0       0
0       0       0       0       1       0       0       0       0       0       0
0       0       4       0       0       0       0       0       0       0       0
0       4       3       4       0       0       0       0       0       0       0
0       0       4       4       0       0       0       0       0       0       0
0       0       0       0       2       0       0       0       0       0       0
0       0       0       0       0       0       0       0       0       1       0
0       0       0       0       0       1       1       0       0       1       0
0       0       0       0       0       0       0       0       2       0       0
0       0       0       0       0       2       0       1       0       0       0
0       0       0       0       0       0       0       0       0       0       0


12

_ _ WATER PUDDLE CAPACITY _ _

0       0       0       0       0       0       0       0       0       0       0
0       5       5       5       5       0       5       5       5       5       0
0       5       5       5       5       0       5       5       5       5       0
0       0       0       0       0       0       0       0       0       0       0
0       0       0       0       1       0       0       0       0       0       0
0       0       4       0       0       0       0       4       0       0       0
0       4       3       4       0       0       0       4       0       0       0
0       0       4       4       0       0       0       4       0       0       0
0       0       0       0       2       0       0       4       0       0       0
0       0       0       0       0       0       0       6       0       1       0
0       0       0       0       0       1       1       0       0       1       0
0       0       0       0       0       0       0       0       2       0       0
0       0       7       7       1       0       0       2       0       0       0
0       0       0       0       0       0       0       0       0       1       0
0       2       0       0       0       0       0       0       0       0       0
0       7       0       0       0       0       7       0       0       0       0
0       0       1       0       0       0       0       0       0       0       0
0       0       0       0       0       0       0       0       0       0       0
0       0       0       0       0       0       0       0       0       0       0
0       0       0       0       0       0       3       0       0       0       0
0       0       0       0       0       0       3       0       0       1       0
0       0       0       1       0       0       0       0       0       0       0
0       1       0       1       0       0       0       0       0       0       0
0       0       0       0       0       0       0       0       0       0       0